0,  0,  1,  0, -1, -2, -3, -3, -2,  0,
0,  0,  0,  0, -1, -2, -3, -4, -3, -1,
0,  0, -1,  0,  1, -1, -2, -4, -3, -1,
0, -1, -1, -1,  0,  0,  0, -2, -1, -1,
0, -1, -2, -3, -2, -1,  0,  0, -1,  0,
0, -1, -2, -3, -3, -2, -1,  0,  0,  0,
0, -1, -1, -1, -1,  0,  0,  0,  0,  0,
0,  0,  0,  0,  0,  0,  0,  0,  0,  0
), nrow = 15, byrow = T, ncol = 10
)
)
colnames(surface) <- LETTERS[1:ncol(surface)]
surface <- surface %>%
pivot_longer(everything()) %>%
rename(x = name, z = value) %>%
arrange(x) %>%
group_by(x) %>%
mutate(y = seq(1:15))
ggplot(surface, aes(x = x, y = -y, fill = z)) +
geom_raster() +
scale_fill_gradient(low="grey90", high="red")
rs <- raster::raster(surface)
surface <- data.frame(
matrix(
c(0,  0,  0,  0,  0,  0,  0,  0,  0,  0,
0, -1, -1, -1,  0,  1,  2,  1, -1,  0,
0, -1, -2, -3, -1,  0,  2,  1, -1,  0,
0, -1, -1, -2, -1,  1,  2,  1,  0,  0,
0,  0,  0,  0,  0,  0,  1,  0,  0,  0,
0,  0,  1,  1,  0,  0,  0,  0,  0,  0,
0,  0,  1,  0, -1, -1, -1, -1,  0,  0,
0,  0,  1,  0, -1, -2, -3, -3, -2,  0,
0,  0,  0,  0, -1, -2, -3, -4, -3, -1,
0,  0, -1,  0,  1, -1, -2, -4, -3, -1,
0, -1, -1, -1,  0,  0,  0, -2, -1, -1,
0, -1, -2, -3, -2, -1,  0,  0, -1,  0,
0, -1, -2, -3, -3, -2, -1,  0,  0,  0,
0, -1, -1, -1, -1,  0,  0,  0,  0,  0,
0,  0,  0,  0,  0,  0,  0,  0,  0,  0
), nrow = 15, byrow = T, ncol = 10
)
)
rs <- raster::raster(surface)
View(surface)
?raster
raster::raster(nrows=15, values =     c(0,  0,  0,  0,  0,  0,  0,  0,  0,  0,
0, -1, -1, -1,  0,  1,  2,  1, -1,  0,
0, -1, -2, -3, -1,  0,  2,  1, -1,  0,
0, -1, -1, -2, -1,  1,  2,  1,  0,  0,
0,  0,  0,  0,  0,  0,  1,  0,  0,  0,
0,  0,  1,  1,  0,  0,  0,  0,  0,  0,
0,  0,  1,  0, -1, -1, -1, -1,  0,  0,
0,  0,  1,  0, -1, -2, -3, -3, -2,  0,
0,  0,  0,  0, -1, -2, -3, -4, -3, -1,
0,  0, -1,  0,  1, -1, -2, -4, -3, -1,
0, -1, -1, -1,  0,  0,  0, -2, -1, -1,
0, -1, -2, -3, -2, -1,  0,  0, -1,  0,
0, -1, -2, -3, -3, -2, -1,  0,  0,  0,
0, -1, -1, -1, -1,  0,  0,  0,  0,  0,
0,  0,  0,  0,  0,  0,  0,  0,  0,  0
))
raster::raster(nrows=15, values = c(0,  0,  0,  0,  0,  0,  0,  0,  0,  0,
0, -1, -1, -1,  0,  1,  2,  1, -1,  0,
0, -1, -2, -3, -1,  0,  2,  1, -1,  0,
0, -1, -1, -2, -1,  1,  2,  1,  0,  0,
0,  0,  0,  0,  0,  0,  1,  0,  0,  0,
0,  0,  1,  1,  0,  0,  0,  0,  0,  0,
0,  0,  1,  0, -1, -1, -1, -1,  0,  0,
0,  0,  1,  0, -1, -2, -3, -3, -2,  0,
0,  0,  0,  0, -1, -2, -3, -4, -3, -1,
0,  0, -1,  0,  1, -1, -2, -4, -3, -1,
0, -1, -1, -1,  0,  0,  0, -2, -1, -1,
0, -1, -2, -3, -2, -1,  0,  0, -1,  0,
0, -1, -2, -3, -3, -2, -1,  0,  0,  0,
0, -1, -1, -1, -1,  0,  0,  0,  0,  0,
0,  0,  0,  0,  0,  0,  0,  0,  0,  0
))
raster::raster(nrows=15, layers = 1, values = c(0,  0,  0,  0,  0,  0,  0,  0,  0,  0,
0, -1, -1, -1,  0,  1,  2,  1, -1,  0,
0, -1, -2, -3, -1,  0,  2,  1, -1,  0,
0, -1, -1, -2, -1,  1,  2,  1,  0,  0,
0,  0,  0,  0,  0,  0,  1,  0,  0,  0,
0,  0,  1,  1,  0,  0,  0,  0,  0,  0,
0,  0,  1,  0, -1, -1, -1, -1,  0,  0,
0,  0,  1,  0, -1, -2, -3, -3, -2,  0,
0,  0,  0,  0, -1, -2, -3, -4, -3, -1,
0,  0, -1,  0,  1, -1, -2, -4, -3, -1,
0, -1, -1, -1,  0,  0,  0, -2, -1, -1,
0, -1, -2, -3, -2, -1,  0,  0, -1,  0,
0, -1, -2, -3, -3, -2, -1,  0,  0,  0,
0, -1, -1, -1, -1,  0,  0,  0,  0,  0,
0,  0,  0,  0,  0,  0,  0,  0,  0,  0))
surface <- data.frame(
matrix(
c(0,  0,  0,  0,  0,  0,  0,  0,  0,  0,
0, -1, -1, -1,  0,  1,  2,  1, -1,  0,
0, -1, -2, -3, -1,  0,  2,  1, -1,  0,
0, -1, -1, -2, -1,  1,  2,  1,  0,  0,
0,  0,  0,  0,  0,  0,  1,  0,  0,  0,
0,  0,  1,  1,  0,  0,  0,  0,  0,  0,
0,  0,  1,  0, -1, -1, -1, -1,  0,  0,
0,  0,  1,  0, -1, -2, -3, -3, -2,  0,
0,  0,  0,  0, -1, -2, -3, -4, -3, -1,
0,  0, -1,  0,  1, -1, -2, -4, -3, -1,
0, -1, -1, -1,  0,  0,  0, -2, -1, -1,
0, -1, -2, -3, -2, -1,  0,  0, -1,  0,
0, -1, -2, -3, -3, -2, -1,  0,  0,  0,
0, -1, -1, -1, -1,  0,  0,  0,  0,  0,
0,  0,  0,  0,  0,  0,  0,  0,  0,  0
), nrow = 15, byrow = T, ncol = 10
)
)
rs <- raster::raster(surface)
surface <- #data.frame(
matrix(
c(0,  0,  0,  0,  0,  0,  0,  0,  0,  0,
0, -1, -1, -1,  0,  1,  2,  1, -1,  0,
0, -1, -2, -3, -1,  0,  2,  1, -1,  0,
0, -1, -1, -2, -1,  1,  2,  1,  0,  0,
0,  0,  0,  0,  0,  0,  1,  0,  0,  0,
0,  0,  1,  1,  0,  0,  0,  0,  0,  0,
0,  0,  1,  0, -1, -1, -1, -1,  0,  0,
0,  0,  1,  0, -1, -2, -3, -3, -2,  0,
0,  0,  0,  0, -1, -2, -3, -4, -3, -1,
0,  0, -1,  0,  1, -1, -2, -4, -3, -1,
0, -1, -1, -1,  0,  0,  0, -2, -1, -1,
0, -1, -2, -3, -2, -1,  0,  0, -1,  0,
0, -1, -2, -3, -3, -2, -1,  0,  0,  0,
0, -1, -1, -1, -1,  0,  0,  0,  0,  0,
0,  0,  0,  0,  0,  0,  0,  0,  0,  0
), nrow = 15, byrow = T, ncol = 10
#  )
)
rs <- raster::raster(surface)
plot(rs)
library(raster)
rs <- raster::raster(surface)
plot(rs)
surface <-
matrix(
c(0,  0,  0,  0,  0,  0,  0,  0,  0,  0,
0, -1, -1, -1,  0,  1,  2,  1, -1,  0,
0, -1, -2, -3, -1,  0,  2,  1, -1,  0,
0, -1, -1, -2, -1,  1,  2,  1,  0,  0,
0,  0,  0,  0,  0,  0,  1,  0,  0,  0,
0,  0,  1,  1,  0,  0,  0,  0,  0,  0,
0,  0,  1,  0, -1, -1, -1, -1,  0,  0,
0,  0,  1,  0, -1, -2, -3, -3, -2,  0,
0,  0,  0,  0, -1, -2, -3, -4, -3, -1,
0,  0, -1,  0,  1, -1, -2, -4, -3, -1,
0, -1, -1, -1,  0,  0,  0, -2, -1, -1,
0, -1, -2, -3, -2, -1,  0,  0, -1,  0,
0, -1, -2, -3, -3, -2, -1,  0,  0,  0,
0, -1, -1, -1, -1,  0,  0,  0,  0,  0,
0,  0,  0,  0,  0,  0,  0,  0,  0,  0
), nrow = 15, byrow = T, ncol = 10
)
rs <- raster::raster(surface)
plot(rs)
rs <- disagg(rs, 10)
surface <-
matrix(
c(0,  0,  0,  0,  0,  0,  0,  0,  0,  0,
0, -1, -1, -1,  0,  1,  2,  1, -1,  0,
0, -1, -2, -3, -1,  0,  2,  1, -1,  0,
0, -1, -1, -2, -1,  1,  2,  1,  0,  0,
0,  0,  0,  0,  0,  0,  1,  0,  0,  0,
0,  0,  1,  1,  0,  0,  0,  0,  0,  0,
0,  0,  1,  0, -1, -1, -1, -1,  0,  0,
0,  0,  1,  0, -1, -2, -3, -3, -2,  0,
0,  0,  0,  0, -1, -2, -3, -4, -3, -1,
0,  0, -1,  0,  1, -1, -2, -4, -3, -1,
0, -1, -1, -1,  0,  0,  0, -2, -1, -1,
0, -1, -2, -3, -2, -1,  0,  0, -1,  0,
0, -1, -2, -3, -3, -2, -1,  0,  0,  0,
0, -1, -1, -1, -1,  0,  0,  0,  0,  0,
0,  0,  0,  0,  0,  0,  0,  0,  0,  0
), nrow = 15, byrow = T, ncol = 10
)
rs <- raster::disagg(rs, 10)
plot(rs)
rs <- raster::resample(rs, 10)
plot(rs)
surface <-
matrix(
c(0,  0,  0,  0,  0,  0,  0,  0,  0,  0,
0, -1, -1, -1,  0,  1,  2,  1, -1,  0,
0, -1, -2, -3, -1,  0,  2,  1, -1,  0,
0, -1, -1, -2, -1,  1,  2,  1,  0,  0,
0,  0,  0,  0,  0,  0,  1,  0,  0,  0,
0,  0,  1,  1,  0,  0,  0,  0,  0,  0,
0,  0,  1,  0, -1, -1, -1, -1,  0,  0,
0,  0,  1,  0, -1, -2, -3, -3, -2,  0,
0,  0,  0,  0, -1, -2, -3, -4, -3, -1,
0,  0, -1,  0,  1, -1, -2, -4, -3, -1,
0, -1, -1, -1,  0,  0,  0, -2, -1, -1,
0, -1, -2, -3, -2, -1,  0,  0, -1,  0,
0, -1, -2, -3, -3, -2, -1,  0,  0,  0,
0, -1, -1, -1, -1,  0,  0,  0,  0,  0,
0,  0,  0,  0,  0,  0,  0,  0,  0,  0
), nrow = 15, byrow = T, ncol = 10
)
rs <- raster::raster(surface)
rs <- raster::resample(rs, 10)
plot(rs)
r <- raster(ncol=18, nrow=18)
xres(r)
yres(r)
res(r)
res(r) <- 1/120
r
plot(r)
r <- raster(ncol=18, nrow=18)
plot(r)
dim(r)
res(r) <- 1/120
dim(r)
raster::res(rs) <- 1/10
plot(rs)
surface <-
matrix(
c(0,  0,  0,  0,  0,  0,  0,  0,  0,  0,
0, -1, -1, -1,  0,  1,  2,  1, -1,  0,
0, -1, -2, -3, -1,  0,  2,  1, -1,  0,
0, -1, -1, -2, -1,  1,  2,  1,  0,  0,
0,  0,  0,  0,  0,  0,  1,  0,  0,  0,
0,  0,  1,  1,  0,  0,  0,  0,  0,  0,
0,  0,  1,  0, -1, -1, -1, -1,  0,  0,
0,  0,  1,  0, -1, -2, -3, -3, -2,  0,
0,  0,  0,  0, -1, -2, -3, -4, -3, -1,
0,  0, -1,  0,  1, -1, -2, -4, -3, -1,
0, -1, -1, -1,  0,  0,  0, -2, -1, -1,
0, -1, -2, -3, -2, -1,  0,  0, -1,  0,
0, -1, -2, -3, -3, -2, -1,  0,  0,  0,
0, -1, -1, -1, -1,  0,  0,  0,  0,  0,
0,  0,  0,  0,  0,  0,  0,  0,  0,  0
), nrow = 15, byrow = T, ncol = 10
)
rs <- raster::raster(surface)
raster::res(rs) <- 100
plot(rs)
surface <-
matrix(
c(0,  0,  0,  0,  0,  0,  0,  0,  0,  0,
0, -1, -1, -1,  0,  1,  2,  1, -1,  0,
0, -1, -2, -3, -1,  0,  2,  1, -1,  0,
0, -1, -1, -2, -1,  1,  2,  1,  0,  0,
0,  0,  0,  0,  0,  0,  1,  0,  0,  0,
0,  0,  1,  1,  0,  0,  0,  0,  0,  0,
0,  0,  1,  0, -1, -1, -1, -1,  0,  0,
0,  0,  1,  0, -1, -2, -3, -3, -2,  0,
0,  0,  0,  0, -1, -2, -3, -4, -3, -1,
0,  0, -1,  0,  1, -1, -2, -4, -3, -1,
0, -1, -1, -1,  0,  0,  0, -2, -1, -1,
0, -1, -2, -3, -2, -1,  0,  0, -1,  0,
0, -1, -2, -3, -3, -2, -1,  0,  0,  0,
0, -1, -1, -1, -1,  0,  0,  0,  0,  0,
0,  0,  0,  0,  0,  0,  0,  0,  0,  0
), nrow = 15, byrow = T, ncol = 10
)
rs <- raster::raster(surface)
raster::res(rs) <- 100
plot(rs)
surface <-
matrix(
c(0,  0,  0,  0,  0,  0,  0,  0,  0,  0,
0, -1, -1, -1,  0,  1,  2,  1, -1,  0,
0, -1, -2, -3, -1,  0,  2,  1, -1,  0,
0, -1, -1, -2, -1,  1,  2,  1,  0,  0,
0,  0,  0,  0,  0,  0,  1,  0,  0,  0,
0,  0,  1,  1,  0,  0,  0,  0,  0,  0,
0,  0,  1,  0, -1, -1, -1, -1,  0,  0,
0,  0,  1,  0, -1, -2, -3, -3, -2,  0,
0,  0,  0,  0, -1, -2, -3, -4, -3, -1,
0,  0, -1,  0,  1, -1, -2, -4, -3, -1,
0, -1, -1, -1,  0,  0,  0, -2, -1, -1,
0, -1, -2, -3, -2, -1,  0,  0, -1,  0,
0, -1, -2, -3, -3, -2, -1,  0,  0,  0,
0, -1, -1, -1, -1,  0,  0,  0,  0,  0,
0,  0,  0,  0,  0,  0,  0,  0,  0,  0
), nrow = 15, byrow = T, ncol = 10
)
rs <- raster::raster(surface)
raster::res(rs) <- 1/100
plot(rs)
rs <- raster::resample(surface)
surface <-
matrix(
c(0,  0,  0,  0,  0,  0,  0,  0,  0,  0,
0, -1, -1, -1,  0,  1,  2,  1, -1,  0,
0, -1, -2, -3, -1,  0,  2,  1, -1,  0,
0, -1, -1, -2, -1,  1,  2,  1,  0,  0,
0,  0,  0,  0,  0,  0,  1,  0,  0,  0,
0,  0,  1,  1,  0,  0,  0,  0,  0,  0,
0,  0,  1,  0, -1, -1, -1, -1,  0,  0,
0,  0,  1,  0, -1, -2, -3, -3, -2,  0,
0,  0,  0,  0, -1, -2, -3, -4, -3, -1,
0,  0, -1,  0,  1, -1, -2, -4, -3, -1,
0, -1, -1, -1,  0,  0,  0, -2, -1, -1,
0, -1, -2, -3, -2, -1,  0,  0, -1,  0,
0, -1, -2, -3, -3, -2, -1,  0,  0,  0,
0, -1, -1, -1, -1,  0,  0,  0,  0,  0,
0,  0,  0,  0,  0,  0,  0,  0,  0,  0
), nrow = 15, byrow = T, ncol = 10
)
rs <- raster::raster(surface)
rs <- raster::resample(surface)
rs <- raster::resample(rs)
surface <-
matrix(
c(0,  0,  0,  0,  0,  0,  0,  0,  0,  0,
0, -1, -1, -1,  0,  1,  2,  1, -1,  0,
0, -1, -2, -3, -1,  0,  2,  1, -1,  0,
0, -1, -1, -2, -1,  1,  2,  1,  0,  0,
0,  0,  0,  0,  0,  0,  1,  0,  0,  0,
0,  0,  1,  1,  0,  0,  0,  0,  0,  0,
0,  0,  1,  0, -1, -1, -1, -1,  0,  0,
0,  0,  1,  0, -1, -2, -3, -3, -2,  0,
0,  0,  0,  0, -1, -2, -3, -4, -3, -1,
0,  0, -1,  0,  1, -1, -2, -4, -3, -1,
0, -1, -1, -1,  0,  0,  0, -2, -1, -1,
0, -1, -2, -3, -2, -1,  0,  0, -1,  0,
0, -1, -2, -3, -3, -2, -1,  0,  0,  0,
0, -1, -1, -1, -1,  0,  0,  0,  0,  0,
0,  0,  0,  0,  0,  0,  0,  0,  0,  0
), nrow = 15, byrow = T, ncol = 10
)
rs <- raster::raster(surface)
rs <- raster::resample(rs)
plot(rs)
surface <-
matrix(
c(0,  0,  0,  0,  0,  0,  0,  0,  0,  0,
0, -1, -1, -1,  0,  1,  2,  1, -1,  0,
0, -1, -2, -3, -1,  0,  2,  1, -1,  0,
0, -1, -1, -2, -1,  1,  2,  1,  0,  0,
0,  0,  0,  0,  0,  0,  1,  0,  0,  0,
0,  0,  1,  1,  0,  0,  0,  0,  0,  0,
0,  0,  1,  0, -1, -1, -1, -1,  0,  0,
0,  0,  1,  0, -1, -2, -3, -3, -2,  0,
0,  0,  0,  0, -1, -2, -3, -4, -3, -1,
0,  0, -1,  0,  1, -1, -2, -4, -3, -1,
0, -1, -1, -1,  0,  0,  0, -2, -1, -1,
0, -1, -2, -3, -2, -1,  0,  0, -1,  0,
0, -1, -2, -3, -3, -2, -1,  0,  0,  0,
0, -1, -1, -1, -1,  0,  0,  0,  0,  0,
0,  0,  0,  0,  0,  0,  0,  0,  0,  0
), nrow = 15, byrow = T, ncol = 10
)
rs <- raster::raster(surface)
ggplot(surface, aes(x = x, y = -y, fill = z)) +
geom_raster() +
scale_fill_gradient(low="grey90", high="red")
ggplot(surface, aes(x = x, y = -y, fill = z)) +
geom_raster() +
scale_fill_gradient(low="grey90", high="red")
surface <-
matrix(
c(0,  0,  0,  0,  0,  0,  0,  0,  0,  0,
0, -1, -1, -1,  0,  1,  2,  1, -1,  0,
0, -1, -2, -3, -1,  0,  2,  1, -1,  0,
0, -1, -1, -2, -1,  1,  2,  1,  0,  0,
0,  0,  0,  0,  0,  0,  1,  0,  0,  0,
0,  0,  1,  1,  0,  0,  0,  0,  0,  0,
0,  0,  1,  0, -1, -1, -1, -1,  0,  0,
0,  0,  1,  0, -1, -2, -3, -3, -2,  0,
0,  0,  0,  0, -1, -2, -3, -4, -3, -1,
0,  0, -1,  0,  1, -1, -2, -4, -3, -1,
0, -1, -1, -1,  0,  0,  0, -2, -1, -1,
0, -1, -2, -3, -2, -1,  0,  0, -1,  0,
0, -1, -2, -3, -3, -2, -1,  0,  0,  0,
0, -1, -1, -1, -1,  0,  0,  0,  0,  0,
0,  0,  0,  0,  0,  0,  0,  0,  0,  0
), nrow = 15, byrow = T, ncol = 10
)
rs <- raster::raster(surface)
#rs <- raster::resample(rs)
plot(rs)
#rs <- raster::resample(rs)
plot(rs)
rs <- terra::disagg(rs, 10)
surface <-
matrix(
c(0,  0,  0,  0,  0,  0,  0,  0,  0,  0,
0, -1, -1, -1,  0,  1,  2,  1, -1,  0,
0, -1, -2, -3, -1,  0,  2,  1, -1,  0,
0, -1, -1, -2, -1,  1,  2,  1,  0,  0,
0,  0,  0,  0,  0,  0,  1,  0,  0,  0,
0,  0,  1,  1,  0,  0,  0,  0,  0,  0,
0,  0,  1,  0, -1, -1, -1, -1,  0,  0,
0,  0,  1,  0, -1, -2, -3, -3, -2,  0,
0,  0,  0,  0, -1, -2, -3, -4, -3, -1,
0,  0, -1,  0,  1, -1, -2, -4, -3, -1,
0, -1, -1, -1,  0,  0,  0, -2, -1, -1,
0, -1, -2, -3, -2, -1,  0,  0, -1,  0,
0, -1, -2, -3, -3, -2, -1,  0,  0,  0,
0, -1, -1, -1, -1,  0,  0,  0,  0,  0,
0,  0,  0,  0,  0,  0,  0,  0,  0,  0
), nrow = 15, byrow = T, ncol = 10
)
rs <- terra::rast(surface)
rs <- terra::disagg(rs, 10)
plot(rs)
dim(rs)
surface <-
matrix(
c(0,  0,  0,  0,  0,  0,  0,  0,  0,  0,
0, -1, -1, -1,  0,  1,  2,  1, -1,  0,
0, -1, -2, -3, -1,  0,  2,  1, -1,  0,
0, -1, -1, -2, -1,  1,  2,  1,  0,  0,
0,  0,  0,  0,  0,  0,  1,  0,  0,  0,
0,  0,  1,  1,  0,  0,  0,  0,  0,  0,
0,  0,  1,  0, -1, -1, -1, -1,  0,  0,
0,  0,  1,  0, -1, -2, -3, -3, -2,  0,
0,  0,  0,  0, -1, -2, -3, -4, -3, -1,
0,  0, -1,  0,  1, -1, -2, -4, -3, -1,
0, -1, -1, -1,  0,  0,  0, -2, -1, -1,
0, -1, -2, -3, -2, -1,  0,  0, -1,  0,
0, -1, -2, -3, -3, -2, -1,  0,  0,  0,
0, -1, -1, -1, -1,  0,  0,  0,  0,  0,
0,  0,  0,  0,  0,  0,  0,  0,  0,  0
), nrow = 15, byrow = T, ncol = 10
)
rs <- terra::rast(surface)
rs <- terra::disagg(rs, 100)
plot(rs)
rs1 <- terra::interpolate(rs)
??interpolate
surface <-
matrix(
c(0,  0,  0,  0,  0,  0,  0,  0,  0,  0,
0, -1, -1, -1,  0,  1,  2,  1, -1,  0,
0, -1, -2, -3, -1,  0,  2,  1, -1,  0,
0, -1, -1, -2, -1,  1,  2,  1,  0,  0,
0,  0,  0,  0,  0,  0,  1,  0,  0,  0,
0,  0,  1,  1,  0,  0,  0,  0,  0,  0,
0,  0,  1,  0, -1, -1, -1, -1,  0,  0,
0,  0,  1,  0, -1, -2, -3, -3, -2,  0,
0,  0,  0,  0, -1, -2, -3, -4, -3, -1,
0,  0, -1,  0,  1, -1, -2, -4, -3, -1,
0, -1, -1, -1,  0,  0,  0, -2, -1, -1,
0, -1, -2, -3, -2, -1,  0,  0, -1,  0,
0, -1, -2, -3, -3, -2, -1,  0,  0,  0,
0, -1, -1, -1, -1,  0,  0,  0,  0,  0,
0,  0,  0,  0,  0,  0,  0,  0,  0,  0
), nrow = 15, byrow = T, ncol = 10
)
rs <- terra::rast(surface)
rs <- terra::disagg(rs, 100, method='bilinear')
plot(rs)
surface <-
matrix(
c(0,  0,  0,  0,  0,  0,  0,  0,  0,  0,  0,
0, -1, -1, -1,  0,  1,  2,  1, -1,  0,  0,
0, -1, -2, -3, -1,  0,  2,  1, -1,  0,  0,
0, -1, -1, -2, -1,  1,  2,  1,  0,  0,  0,
0,  0,  0,  0,  0,  0,  1,  0,  0,  0,  0,
0,  0,  1,  1,  0,  0,  0,  0,  0,  0,  0,
0,  0,  1,  0, -1, -1, -1, -1,  0,  0,  0,
0,  0,  1,  0, -1, -2, -3, -3, -2,  0,  0,
0,  0,  0,  0, -1, -2, -3, -4, -3, -1,  0,
0,  0, -1,  0,  1, -1, -2, -4, -3, -1,  0,
0, -1, -1, -1,  0,  0,  0, -2, -1, -1,  0,
0, -1, -2, -3, -2, -1,  0,  0, -1,  0,  0,
0, -1, -2, -3, -3, -2, -1,  0,  0,  0,  0,
0, -1, -1, -1, -1,  0,  0,  0,  0,  0,  0,
0,  0,  0,  0,  0,  0,  0,  0,  0,  0,  0
), nrow = 15, byrow = T, ncol = 10
)
surface <-
matrix(
c(0,  0,  0,  0,  0,  0,  0,  0,  0,  0,  0,
0, -1, -1, -1,  0,  1,  2,  1, -1,  0,  0,
0, -1, -2, -3, -1,  0,  2,  1, -1,  0,  0,
0, -1, -1, -2, -1,  1,  2,  1,  0,  0,  0,
0,  0,  0,  0,  0,  0,  1,  0,  0,  0,  0,
0,  0,  1,  1,  0,  0,  0,  0,  0,  0,  0,
0,  0,  1,  0, -1, -1, -1, -1,  0,  0,  0,
0,  0,  1,  0, -1, -2, -3, -3, -2,  0,  0,
0,  0,  0,  0, -1, -2, -3, -4, -3, -1,  0,
0,  0, -1,  0,  1, -1, -2, -4, -3, -1,  0,
0, -1, -1, -1,  0,  0,  0, -2, -1, -1,  0,
0, -1, -2, -3, -2, -1,  0,  0, -1,  0,  0,
0, -1, -2, -3, -3, -2, -1,  0,  0,  0,  0,
0, -1, -1, -1, -1,  0,  0,  0,  0,  0,  0,
0,  0,  0,  0,  0,  0,  0,  0,  0,  0,  0
), nrow = 15, byrow = T, ncol = 10
)
surface <-
matrix(
c(0,  0,  0,  0,  0,  0,  0,  0,  0,  0,  0,
0, -1, -1, -1,  0,  1,  2,  1, -1,  0,  0,
0, -1, -2, -3, -1,  0,  2,  1, -1,  0,  0,
0, -1, -1, -2, -1,  1,  2,  1,  0,  0,  0,
0,  0,  0,  0,  0,  0,  1,  0,  0,  0,  0,
0,  0,  1,  1,  0,  0,  0,  0,  0,  0,  0,
0,  0,  1,  0, -1, -1, -1, -1,  0,  0,  0,
0,  0,  1,  0, -1, -2, -3, -3, -2,  0,  0,
0,  0,  0,  0, -1, -2, -3, -4, -3, -1,  0,
0,  0, -1,  0,  1, -1, -2, -4, -3, -1,  0,
0, -1, -1, -1,  0,  0,  0, -2, -1, -1,  0,
0, -1, -2, -3, -2, -1,  0,  0, -1,  0,  0,
0, -1, -2, -3, -3, -2, -1,  0,  0,  0,  0,
0, -1, -1, -1, -1,  0,  0,  0,  0,  0,  0,
0,  0,  0,  0,  0,  0,  0,  0,  0,  0,  0
), nrow = 15, byrow = T, ncol = 11
)
rs <- terra::rast(surface)
rs <- terra::disagg(rs, 100, method='bilinear')
plot(rs)
elmat = raster_to_matrix(rs)
library(rayshader)
